Bảng này gồm danh sách 1000 số nguyên tố đầu tiên và một số danh sách các số nguyên tố đặc biệt.

== Một ngàn số nguyên tố đầu tiên ==
{|
|-
| 2 || 3 || 5 || 7 || 11 || 13 || 17 || 19 || 23 || 29
|-
| 31 || 37 || 41 || 43 || 47 || 53 || 59 || 61 || 67 || 71
|-
| 73 || 79 || 83 || 89 || 97 || 101 || 103 || 107 || 109 || 113
|-
| 127 || 131 || 137 || 139 || 149 || 151 || 157 || 163 || 167 || 173
|-
| 179 || 181 || 191 || 193 || 197 || 199 || 211 || 223 || 227 || 229
|-
| 233 || 239 || 241 || 251 || 257 || 263 || 269 || 271 || 277 || 281
|-
| 283 || 293 || 307 || 311 || 313 || 317 || 331 || 337 || 347 || 349
|-
| 353 || 359 || 367 || 373 || 379 || 383 || 389 || 397 || 401 || 409
|-
| 419 || 421 || 431 || 433 || 439 || 443 || 449 || 457 || 461 || 463
|-
| 467 || 479 || 487 || 491 || 499 || 503 || 509 || 521 || 523 || 541
|-
| 547 || 557 || 563 || 569 || 571 || 577 || 587 || 593 || 599 || 601
|-
| 607 || 613 || 617 || 619 || 631 || 641 || 643 || 647 || 653 || 659
|-
| 661 || 673 || 677 || 683 || 691 || 701 || 709 || 719 || 727 || 733
|-
| 739 || 743 || 751 || 757 || 761 || 769 || 773 || 787 || 797 || 809
|-
| 811 || 821 || 823 || 827 || 829 || 839 || 853 || 857 || 859 || 863
|-
| 877 || 881 || 883 || 887 || 907 || 911 || 919 || 929 || 937 || 941
|-
| 947 || 953 || 967 || 971 || 977 || 983 || 991 || 997 || 1009 || 1013
|-
| 1019 || 1021 || 1031 || 1033 || 1039 || 1049 || 1051 || 1061 || 1063 || 1069
|-
| 1087 || 1091 || 1093 || 1097 || 1103 || 1109 || 1117 || 1123 || 1129 || 1151
|-
| 1153 || 1163 || 1171 || 1181 || 1187 || 1193 || 1201 || 1213 || 1217 || 1223
|-
| 1229 || 1231 || 1237 || 1249 || 1259 || 1277 || 1279 || 1283 || 1289 || 1291
|-
| 1297 || 1301 || 1303 || 1307 || 1319 || 1321 || 1327 || 1361 || 1367 || 1373
|-
| 1381 || 1399 || 1409 || 1423 || 1427 || 1429 || 1433 || 1439 || 1447 || 1451
|-
| 1453 || 1459 || 1471 || 1481 || 1483 || 1487 || 1489 || 1493 || 1499 || 1511
|-
| 1523 || 1531 || 1543 || 1549 || 1553 || 1559 || 1567 || 1571 || 1579 || 1583
|-
| 1597 || 1601 || 1607 || 1609 || 1613 || 1619 || 1621 || 1627 || 1637 || 1657
|-
| 1663 || 1667 || 1669 || 1693 || 1697 || 1699 || 1709 || 1721 || 1723 || 1733
|-
| 1741 || 1747 || 1753 || 1759 || 1777 || 1783 || 1787 || 1789 || 1801 || 1811
|-
| 1823 || 1831 || 1847 || 1861 || 1867 || 1871 || 1873 || 1877 || 1879 || 1889
|-
| 1901 || 1907 || 1913 || 1931 || 1933 || 1949 || 1951 || 1973 || 1979 || 1987
|-
| 1993 || 1997 || 1999 || 2003 || 2011 || 2017 || 2027 || 2029 || 2039 || 2053
|-
| 2063 || 2069 || 2081 || 2083 || 2087 || 2089 || 2099 || 2111 || 2113 || 2129
|-
| 2131 || 2137 || 2141 || 2143 || 2153 || 2161 || 2179 || 2203 || 2207 || 2213
|-
| 2221 || 2237 || 2239 || 2243 || 2251 || 2267 || 2269 || 2273 || 2281 || 2287
|-
| 2293 || 2297 || 2309 || 2311 || 2333 || 2339 || 2341 || 2347 || 2351 || 2357
|-
| 2371 || 2377 || 2381 || 2383 || 2389 || 2393 || 2399 || 2411 || 2417 || 2423
|-
| 2437 || 2441 || 2447 || 2459 || 2467 || 2473 || 2477 || 2503 || 2521 || 2531
|-
| 2539 || 2543 || 2549 || 2551 || 2557 || 2579 || 2591 || 2593 || 2609 || 2617
|-
| 2621 || 2633 || 2647 || 2657 || 2659 || 2663 || 2671 || 2677 || 2683 || 2687
|-
| 2689 || 2693 || 2699 || 2707 || 2711 || 2713 || 2719 || 2729 || 2731 || 2741 
|-
| 2749 || 2753 || 2767 || 2777 || 2789 || 2791 || 2797 || 2801 || 2803 || 2819
|-
| 2833 || 2837 || 2843 || 2851 || 2857 || 2861 || 2879 || 2887 || 2897 || 2903
|-
| 2909 || 2917 || 2927 || 2939 || 2953 || 2957 || 2963 || 2969 || 2971 || 2999
|-
| 3001 || 3011 || 3019 || 3023 || 3037 || 3041 || 3049 || 3061 || 3067 || 3079
|-
| 3083 || 3089 || 3109 || 3119 || 3121 || 3137 || 3163 || 3167 || 3169 || 3181
|-
| 3187 || 3191 || 3203 || 3209 || 3217 || 3221 || 3229 || 3251 || 3253 || 3257
|-
| 3259 || 3271 || 3299 || 3301 || 3307 || 3313 || 3319 || 3323 || 3329 || 3331
|-
| 3343 || 3347 || 3359 || 3361 || 3371 || 3373 || 3389 || 3391 || 3407 || 3413
|-
| 3433 || 3449 || 3457 || 3461 || 3463 || 3467 || 3469 || 3491 || 3499 || 3511
|-
| 3517 || 3527 || 3529 || 3533 || 3539 || 3541 || 3547 || 3557 || 3559 || 3571
|-
| 3581 || 3583 || 3593 || 3607 || 3613 || 3617 || 3623 || 3631 || 3637 || 3643
|-
| 3659 || 3671 || 3673 || 3677 || 3691 || 3697 || 3701 || 3709 || 3719 || 3727
|-
| 3733 || 3739 || 3761 || 3767 || 3769 || 3779 || 3793 || 3797 || 3803 || 3821
|-
| 3823 || 3833 || 3847 || 3851 || 3853 || 3863 || 3877 || 3881 || 3889 || 3907
|-
| 3911 || 3917 || 3919 || 3923 || 3929 || 3931 || 3943 || 3947 || 3967 || 3989
|-
| 4001 || 4003 || 4007 || 4013 || 4019 || 4021 || 4027 || 4049 || 4051 || 4057
|-
| 4073 || 4079 || 4091 || 4093 || 4099 || 4111 || 4127 || 4129 || 4133 || 4139
|-
| 4153 || 4157 || 4159 || 4177 || 4201 || 4211 || 4217 || 4219 || 4229 || 4231
|-
| 4241 || 4243 || 4253 || 4259 || 4261 || 4271 || 4273 || 4283 || 4289 || 4297
|-
| 4327 || 4337 || 4339 || 4349 || 4357 || 4363 || 4373 || 4391 || 4397 || 4409
|-
| 4421 || 4423 || 4441 || 4447 || 4451 || 4457 || 4463 || 4481 || 4483 || 4493
|-
| 4507 || 4513 || 4517 || 4519 || 4523 || 4547 || 4549 || 4561 || 4567 || 4583
|-
| 4591 || 4597 || 4603 || 4621 || 4637 || 4639 || 4643 || 4649 || 4651 || 4657
|-
| 4663 || 4673 || 4679 || 4691 || 4703 || 4721 || 4723 || 4729 || 4733 || 4751
|-
| 4759 || 4783 || 4787 || 4789 || 4793 || 4799 || 4801 || 4813 || 4817 || 4831
|-
| 4861 || 4871 || 4877 || 4889 || 4903 || 4909 || 4919 || 4931 || 4933 || 4937
|-
| 4943 || 4951 || 4957 || 4967 || 4969 || 4973 || 4987 || 4993 || 4999 || 5003
|-
| 5009 || 5011 || 5021 || 5023 || 5039 || 5051 || 5059 || 5077 || 5081 || 5087
|-
| 5099 || 5101 || 5107 || 5113 || 5119 || 5147 || 5153 || 5167 || 5171 || 5179
|-
| 5189 || 5197 || 5209 || 5227 || 5231 || 5233 || 5237 || 5261 || 5273 || 5279
|-
| 5281 || 5297 || 5303 || 5309 || 5323 || 5333 || 5347 || 5351 || 5381 || 5387
|-
| 5393 || 5399 || 5407 || 5413 || 5417 || 5419 || 5431 || 5437 || 5441 || 5443
|-
| 5449 || 5471 || 5477 || 5479 || 5483 || 5501 || 5503 || 5507 || 5519 || 5521
|-
| 5527 || 5531 || 5557 || 5563 || 5569 || 5573 || 5581 || 5591 || 5623 || 5639
|-
| 5641 || 5647 || 5651 || 5653 || 5657 || 5659 || 5669 || 5683 || 5689 || 5693
|-
| 5701 || 5711 || 5717 || 5737 || 5741 || 5743 || 5749 || 5779 || 5783 || 5791
|-
| 5801 || 5807 || 5813 || 5821 || 5827 || 5839 || 5843 || 5849 || 5851 || 5857
|-
| 5861 || 5867 || 5869 || 5879 || 5881 || 5897 || 5903 || 5923 || 5927 || 5939
|-
| 5953 || 5981 || 5987 || 6007 || 6011 || 6029 || 6037 || 6043 || 6047 || 6053
|-
| 6067 || 6073 || 6079 || 6089 || 6091 || 6101 || 6113 || 6121 || 6131 || 6133
|-
| 6143 || 6151 || 6163 || 6173 || 6197 || 6199 || 6203 || 6211 || 6217 || 6221
|-
| 6229 || 6247 || 6257 || 6263 || 6269 || 6271 || 6277 || 6287 || 6299 || 6301
|-
| 6311 || 6317 || 6323 || 6329 || 6337 || 6343 || 6353 || 6359 || 6361 || 6367
|-
| 6373 || 6379 || 6389 || 6397 || 6421 || 6427 || 6449 || 6451 || 6469 || 6473
|-
| 6481 || 6491 || 6521 || 6529 || 6547 || 6551 || 6553 || 6563 || 6569 || 6571
|-
| 6577 || 6581 || 6599 || 6607 || 6619 || 6637 || 6653 || 6659 || 6661 || 6673
|-
| 6679 || 6689 || 6691 || 6701 || 6703 || 6709 || 6719 || 6733 || 6737 || 6761
|-
| 6763 || 6779 || 6781 || 6791 || 6793 || 6803 || 6823 || 6827 || 6829 || 6833
|-
| 6841 || 6857 || 6863 || 6869 || 6871 || 6883 || 6899 || 6907 || 6911 || 6917
|-
| 6947 || 6949 || 6959 || 6961 || 6967 || 6971 || 6977 || 6983 || 6991 || 6997
|-
| 7001 || 7013 || 7019 || 7027 || 7039 || 7043 || 7057 || 7069 || 7079 || 7103
|-
| 7109 || 7121 || 7127 || 7129 || 7151 || 7159 || 7177 || 7187 || 7193 || 7207
|-
| 7211 || 7213 || 7219 || 7229 || 7237 || 7243 || 7247 || 7253 || 7283 || 7297
|-
| 7307 || 7309 || 7321 || 7331 || 7333 || 7349 || 7351 || 7369 || 7393 || 7411
|-
| 7417 || 7433 || 7451 || 7457 || 7459 || 7477 || 7481 || 7487 || 7489 || 7499
|-
| 7507 || 7517 || 7523 || 7529 || 7537 || 7541 || 7547 || 7549 || 7559 || 7561
|-
| 7573 || 7577 || 7583 || 7589 || 7591 || 7603 || 7607 || 7621 || 7639 || 7643
|-
| 7649 || 7669 || 7673 || 7681 || 7687 || 7691 || 7699 || 7703 || 7717 || 7723
|-
| 7727 || 7741 || 7753 || 7757 || 7759 || 7789 || 7793 || 7817 || 7823 || 7829
|-
| 7841 || 7853 || 7867 || 7873 || 7877 || 7879 || 7883 || 7901 || 7907 || 7919
|}

== Một số danh sách các số nguyên tố đặc biệt==

=== Các số nguyên tố Bell ===
2, 5, 877, 27644437, 35742549198872617291353508656626642567, 359334085968622831041960188598043661065388726959079837

=== Các số nguyên tố Carol===
7, 47, 223, 3967, 16127, 1046527, 16769023, 1073676287, 68718952447

[http://mathworld.wolfram.com/CarolNumber.html], [http://www.research.att.com/cgi-bin/access.cgi/as/njas/sequences/eisA.cgi?Anum=A091516]

=== Centered decagonal primes ===
11, 31, 61, 101, 151, 211, 281, 661, 911, 1051, 1201, 1361

=== Centered heptagonal primes ===
43, 71, 197, 463, 547, 953, 1471, 1933, 2647, 2843

=== Centered square primes ===
5, 13, 41, 61, 113, 181, 313, 421, 613, 761

=== Centered triangular primes ===
19, 31, 109, 199, 409, 571, 631, 829, 1489, 1999, 2971

=== Các số nguyên tố Chen ===
2, 3, 5, 7, 11, 13, 17, 19, 23, 29, 31, 37, 41, 47, 53, 59, 67, 71, 83, 89, 101, 107, 109, 113, 127, 131, 137, 139, 149, 157, 167, 179, 181, 191, 197, 199, 211, 227, 233, 239, 251, 257, 263, 269, 281, 293, 307, 311, 317, 337, 347, 353, 359, 379, 389, 401, 409, 419, 431, 443, 449, 461, 467, 479, 487, 491, 499

=== Các số nguyên tố họ hàng ===
(3, 7), (7, 11), (13, 17), (19, 23), (37, 41), (43, 47), (67, 71), (79, 83), (97, 101), (103, 107), (109, 113), (127, 131), (163, 167), (193, 197), (223, 227), (229, 233), (277, 281), (307, 311), (313, 317), (349, 353), (379, 383), (397, 401), (439, 441), (457, 461), (487, 491), (499, 503), (613, 617), (643, 647), (673, 677), (739, 743), (757, 761), (769, 773), (823, 827), (853, 857), (859, 863), (877, 881), (883, 887), (907, 911), (937, 941), (967, 971), (1009, 1013), (1087, 1091)

=== Các số nguyên tố Cuban ===
Các số nguyên tố Cuban có dạng (x<sup>3</sup> &minus; y<sup>3</sup>) / (x &minus; y), x = y + 1:

:7, 19, 37, 61, 127, 271, 331, 397, 547, 631, 919, 1657, 1801, 1951, 2269, 2437, 2791, 3169, 3571, 4219, 4447, 5167, 5419, 6211, 7057, 7351, 8269, 9241, 10267, 11719, 12097, 13267, 13669, 16651, 19441, 19927, 22447, 23497, 24571, 25117, 26227

Các số nguyên tố Cuban dạng (x<sup>3</sup> &minus; y<sup>3</sup>) / (x &minus; y), x = y + 2:

:13, 109, 193, 433, 769, 1201, 1453, 2029, 3469, 3889, 4801, 10093, 12289, 13873, 18253, 20173, 21169, 22189, 28813, 37633, 43201, 47629, 60493, 63949, 65713, 69313

=== Các nguyên tố Cullen ===
3, 393050634124102232869567034555427371542904833

=== Các số nguyên tố Dirichlet===
7, 13, 19, 31, 37, 43, 61, 67, 73, 79,	97, 103, 109, 127, 139, 151, 157, 163, 181, 193, 199, 211, 223, 229, 241, 271, 277, 283, 307, 313, 331, 337, 349, 367, 373, 379, 397, 409, 421, 433, 439, 457, 463, 487, 499.

=== Các số nguyên tố Mersenne kép ===
Tới tháng 8-2005, mới chỉ biết các số nguyên tố Mersenne kép.

7, 127, 2147483647, 170141183460469231731687303715884105727

=== Các số nguyên tố Eisenstein không có phần ảo ===
2, 5, 11, 17, 23, 29, 41, 47, 53, 59, 71, 83, 89, 101, 107, 113, 131, 137, 149, 167, 173, 179, 191, 197, 227, 233, 239, 251, 257, 263, 269, 281, 293, 311, 317, 347, 353, 359, 383, 389, 401, 419, 431, 443, 449, 461, 467, 479, 491

=== Các số nguyên tố Euclid ===
3, 7, 31, 211, 2311

=== Số nguyên tố giai thừa (''factorial''') ===
2, 3, 5, 7, 23, 719, 5039, 39916801, 479001599, 87178291199

=== Các số nguyên tố Fermat ===
Đến tháng 9-2005, mới chỉ biết các số nguyên tố Fermat.

3, 5, 17, 257, 65537

=== Các số nguyên tố Fibonacci ===
2, 3, 5, 13, 89, 233, 1597, 28657, 514229, 433494437, 2971215073

=== Các số nguyên tố Gauss ===
3, 7, 11, 19, 23, 31, 43, 47, 59, 67, 71, 79, 83, 103, 107, 127, 131, 139, 151, 163, 167, 179, 191, 199, 211, 223, 227, 239, 251, 263, 271, 283, 307, 311, 331, 347, 359, 367, 379, 383, 419, 431, 439, 443, 463, 467, 479, 487, 491, 499

=== Số nguyên tố Genocchi ===
<!-- assuming that -3 doesn't count as prime for us -->17

[http://mathworld.wolfram.com/GenocchiNumber.html], [http://www.research.att.com/cgi-bin/access.cgi/as/njas/sequences/eisA.cgi?Anum=A001469]

=== Các số nguyên tố Happy ===
7, 13, 19, 23, 31, 79, 97, 103, 109, 139, 167, 193, 239, 263, 293, 313, 331, 367, 379, 383, 397, 409, 487, 563

=== Các số nguyên tố Higgs===
2, 3, 5, 7, 11, 13, 19, 23, 29, 31, 37, 41, 43, 47, 53, 59, 61, 67, 71, 73, 79, 83, 89, 101, 107, 109, 127, 131, 139, 149, 151, 157, 167, 173, 179, 181, 191, 197, 199, 211, 223, 229, 233, 251, 263, 269, 271, 277, 281, 283, 293, 311, 313, 317, 331, 347, 349, 359,

[http://72.14.207.104/search?q=cache:cOS9Z_n4NtkJ:www.dai.ed.ac.uk/homes/simonco/research/hr/number_theory.html+%22Higgs+primes%22&hl=en],  [http://www.research.att.com/cgi-bin/access.cgi/as/njas/sequences/eisA.cgi?Anum=A057447]

=== Các Highly cototient===
23, 47, 59, 83, 89, 113, 167, 269, 389, 419, 509, 659, 839

=== Irregular primes ===
37, 59, 67, 101, 103, 131, 149, 157, 233, 257, 263, 271, 283, 293, 307, 311, 347, 353, 379, 389, 401, 409, 421, 433, 461, 463, 467, 491

=== Các số nguyên tố Kynea===
7, 23, 79, 1087, 66047, 263167, 16785407, 1073807359

[http://mathworld.wolfram.com/KyneaNumber.html], [http://www.research.att.com/cgi-bin/access.cgi/as/njas/sequences/eisA.cgi?Anum=A091514]

=== Long primes ===
7, 17, 19, 23, 29, 47, 59, 61, 97, 109, 113, 131, 149, 167, 179, 181, 193, 223, 229, 233, 257, 263, 269, 313, 337, 367, 379, 383, 389, 419, 433, 461, 487, 491, 499

=== Các số nguyên tố Lucas prime ===
2, 3, 7, 11, 29, 47, 199, 521, 2207, 3571, 9349

=== Các số nguyên tố Lucky ===
3, 7, 13, 31, 37, 43, 67, 73, 79, 127, 151, 163, 193, 211, 223, 241, 283, 307, 331, 349, 367, 409, 421, 433, 463, 487, 541, 577, 601, 613, 619, 631, 643, 673, 727, 739, 769, 787, 823, 883, 937, 991, 997, 1009, 1021, 1039, 1087, 1093, 1117, 1123, 1201, 1231, 1249, 1291, 1303, 1459, 1471, 1543, 1567, 1579, 1597, 1663, 1693, 1723, 1777, 1801, 1831, 1879, 1933, 1987, 2053, 2083, 2113, 2221, 2239, 2251, 2281, 2311, 2467, 2473, 2557, 2593, 2647, 2671, 2689, 2797, 2851, 2887, 2953, 2971, 3037, 3049, 3109, 3121, 3163, 3187, 3229, 3259, 3301, 3307, 3313

=== Các số nguyên tố Markov ===
2, 5, 13, 29, 89, 233, 433, 1597, 2897

=== Các số nguyên tố McNugget===
13, 17, 19, 23, 29, 31, 37, 41, 43, 47

=== Các số nguyên tố Mersenne ===
Đến tháng 9-2006, đã biết 44 số nguyên tố  Mersenne, sau đây là 12 số đầu tiên. Số tiếp theo có 157 chữ số.

There are infinitely many prime numbers. The first 500 are listed below, followed by lists of the first prime numbers of various types in alphabetical order.

==The first 500 prime numbers==
{| class="wikitable"
|- align=center
|2  ||3 ||5 ||7 ||11 ||13 ||17 || 19 ||23 ||29 ||31 ||37||41 ||43 ||47 ||53 ||59 ||61 ||67 ||71
|- align=center
|73 ||79 ||83 ||89 ||97 ||101 ||103 ||107 ||109 ||113||127 ||131 ||137 ||139 ||149 ||151 ||157 ||163 ||167 ||173
|- align=center
|179 ||181 ||191 ||193 ||197 ||199 ||211 ||223 ||227 ||229||233 ||239 ||241 ||251 ||257 ||263 ||269 ||271 ||277 ||281
|- align=center
|283 ||293 ||307 ||311 ||313 ||317 ||331 ||337 ||347 ||349||353 ||359 ||367 ||373 ||379 ||383 ||389 ||397 ||401 ||409
|- align=center
|419 ||421 ||431 ||433 ||439 ||443 ||449 ||457 ||461 ||463||467 ||479 ||487 ||491 ||499 ||503 ||509 ||521 ||523 ||541
|- align=center
|547 ||557 ||563 ||569 ||571 ||577 ||587 ||593 ||599 ||601||607 ||613 ||617 ||619 ||631 ||641 ||643 ||647 ||653 ||659
|- align=center
|661 ||673 ||677 ||683 ||691 ||701 ||709 ||719 ||727 ||733||739 ||743 ||751 ||757 ||761 ||769 ||773 ||787 ||797 ||809
|- align=center
|811 ||821 ||823 ||827 ||829 ||839 ||853 ||857 ||859 ||863||877 ||881 ||883 ||887 ||907 ||911 ||919 ||929 ||937 ||941
|- align=center
|947 ||953 ||967 ||971 ||977 ||983 ||991 ||997 ||1009 ||1013||1019 ||1021 ||1031 ||1033 ||1039 ||1049 ||1051 ||1061 ||1063 ||1069
|- align=center
|1087 ||1091 ||1093 ||1097 ||1103 ||1109 ||1117 ||1123 ||1129 ||1151||1153 ||1163 ||1171 ||1181 ||1187 ||1193 ||1201 ||1213 ||1217 ||1223
|- align=center
|1229 ||1231 ||1237 ||1249 ||1259 ||1277 ||1279 ||1283 ||1289 ||1291||1297 ||1301 ||1303 ||1307 ||1319 ||1321 ||1327 ||1361 ||1367 ||1373
|- align=center
|1381 ||1399 ||1409 ||1423 ||1427 ||1429 ||1433 ||1439 ||1447 ||1451||1453 ||1459 ||1471 ||1481 ||1483 ||1487 ||1489 ||1493 ||1499 ||1511
|- align=center
|1523 ||1531 ||1543 ||1549 ||1553 ||1559 ||1567 ||1571 ||1579 ||1583||1597 ||1601 ||1607 ||1609 ||1613 ||1619 ||1621 ||1627 ||1637 ||1657
|- align=center
|1663 ||1667 ||1669 ||1693 ||1697 ||1699 ||1709 ||1721 ||1723 ||1733||1741 ||1747 ||1753 ||1759 ||1777 ||1783 ||1787 ||1789 ||1801 ||1811
|- align=center
|1823 ||1831 ||1847 ||1861 ||1867 ||1871 ||1873 ||1877 ||1879 ||1889||1901 ||1907 ||1913 ||1931 ||1933 ||1949 ||1951 ||1973 ||1979 ||1987
|- align=center
|1993 ||1997 ||1999 ||2003 ||2011 ||2017 ||2027 ||2029 ||2039 ||2053||2063 ||2069 ||2081 ||2083 ||2087 ||2089 ||2099 ||2111 ||2113 ||2129
|- align=center
|2131 ||2137 ||2141 ||2143 ||2153 ||2161 ||2179 ||2203 ||2207 ||2213||2221 ||2237 ||2239 ||2243 ||2251 ||2267 ||2269 ||2273 ||2281 ||2287
|- align=center
|2293 ||2297 ||2309 ||2311 ||2333 ||2339 ||2341 ||2347 ||2351 ||2357||2371 ||2377 ||2381 ||2383 ||2389 ||2393 ||2399 ||2411 ||2417 ||2423
|- align=center
|2437 ||2441 ||2447 ||2459 ||2467 ||2473 ||2477 ||2503 ||2521 ||2531||2539 ||2543 ||2549 ||2551 ||2557 ||2579 ||2591 ||2593 ||2609 ||2617
|- align=center
|2621 ||2633 ||2647 ||2657 ||2659 ||2663 ||2671 ||2677 ||2683 ||2687||2689 ||2693 ||2699 ||2707 ||2711 ||2713 ||2719 ||2729 ||2731 ||2741
|- align=center
|2749 ||2753 ||2767 ||2777 ||2789 ||2791 ||2797 ||2801 ||2803 ||2819||2833 ||2837 ||2843 ||2851 ||2857 ||2861 ||2879 ||2887 ||2897 ||2903
|- align=center
|2909 ||2917 ||2927 ||2939 ||2953 ||2957 ||2963 ||2969 ||2971 ||2999||3001 ||3011 ||3019 ||3023 ||3037 ||3041 ||3049 ||3061 ||3067 ||3079
|- align=center
|3083 ||3089 ||3109 ||3119 ||3121 ||3137 ||3163 ||3167 ||3169 ||3181||3187 ||3191 ||3203 ||3209 ||3217 ||3221 ||3229 ||3251 ||3253 ||3257
|- align=center
|3259 ||3271 ||3299 ||3301 ||3307 ||3313 ||3319 ||3323 ||3329 ||3331||3343 ||3347 ||3359 ||3361 ||3371 ||3373 ||3389 ||3391 ||3407 ||3413
|- align=center
|3433 ||3449 ||3457 ||3461 ||3463 ||3467 ||3469 ||3491 ||3499 ||3511||3517 ||3527 ||3529 ||3533 ||3539 ||3541 ||3547 ||3557 ||3559 ||3571
|}

.

The Goldbach conjecture verification project reports that it has computed all primes below 10<sup>18</sup>.<ref>Tomás Oliveira e Silva, [http://www.ieeta.pt/~tos/goldbach.html Goldbach conjecture verification].</ref> That means 24,739,954,287,740,860 primes, but they were not stored. There are known formulas to evaluate the prime-counting function (the number of primes below a given value) faster than computing the primes. This has been used to compute that there are 1,925,320,391,606,803,968,923 primes below 10<sup>23</sup>.

== Lists of primes by type ==

Below are listed the first prime numbers of many named forms and types. More details are in the article for the name. ''n'' is a natural number (including 0) in the definitions.

=== Balanced primes ===

Primes with the same distance to the previous and next prime.

5, 53, 157, 173, 211, 257, 263, 373, 563, 593, 607, 653, 733, 947, 977, 1103, 1123, 1187, 1223, 1367, 1511, 1747, 1753, 1907, 2287, 2417, 2677, 2903, 2963, 3307, 3313, 3637, 3733, 4013, 4409, 4457, 4597, 4657, 4691, 4993, 5107, 5113, 5303, 5387, 5393 ()

=== Bell number primes ===

Primes that are the number of partitions of a set with ''n'' members.

2, 5, 877, 27644437, 35742549198872617291353508656626642567, 359334085968622831041960188598043661065388726959079837.
The next term has 6539 digits. ()

=== Carol primes ===

Of the form <math>(2^n - 1)^2 - 2</math>.

7, 47, 223, 3967, 16127, 1046527, 16769023, 1073676287, 68718952447, 274876858367, 4398042316799, 1125899839733759, 18014398241046527, 1298074214633706835075030044377087 ()

=== Centered decagonal primes ===

Of the form <math>5(n^2-n)+1</math>.

11, 31, 61, 101, 151, 211, 281, 661, 911, 1051, 1201, 1361, 1531, 1901, 2311, 2531, 3001, 3251, 3511, 4651, 5281, 6301, 6661, 7411, 9461, 9901, 12251, 13781, 14851, 15401, 18301, 18911, 19531, 20161, 22111, 24151, 24851, 25561, 27011, 27751 ()

=== Centered heptagonal primes ===

Of the form (7''n''<sup>2</sup> &minus; 7''n'' + 2) / 2.

43, 71, 197, 463, 547, 953, 1471, 1933, 2647, 2843, 3697, 4663, 5741, 8233, 9283, 10781, 11173, 12391, 14561, 18397, 20483, 29303, 29947, 34651, 37493, 41203, 46691, 50821, 54251, 56897, 57793, 65213, 68111, 72073, 76147, 84631, 89041, 93563 (primes in )

=== Centered square primes ===

Of the form <math>n^2 + (n + 1)^2</math>.

5, 13, 41, 61, 113, 181, 313, 421, 613, 761, 1013, 1201, 1301, 1741, 1861, 2113, 2381, 2521, 3121, 3613, 4513, 5101, 7321, 8581, 9661, 9941, 10513, 12641, 13613, 14281, 14621, 15313, 16381, 19013, 19801, 20201, 21013, 21841, 23981, 24421, 26681 ()

=== Centered triangular primes ===

Of the form (3''n''<sup>2</sup> + 3''n'' + 2) / 2.

19, 31, 109, 199, 409, 571, 631, 829, 1489, 1999, 2341, 2971, 3529, 4621, 4789, 7039, 7669, 8779, 9721, 10459, 10711, 13681, 14851, 16069, 16381, 17659, 20011, 20359, 23251, 25939, 27541, 29191, 29611, 31321, 34429, 36739, 40099, 40591, 42589 ()

=== Chen primes ===

''p'' is prime and ''p'' + 2 is either a prime or semiprime.

2, 3, 5, 7, 11, 13, 17, 19, 23, 29, 31, 37, 41, 47, 53, 59, 67, 71, 83, 89, 101, 107, 109, 113, 127, 131, 137, 139, 149, 157, 167, 179, 181, 191, 197, 199, 211, 227, 233, 239, 251, 257, 263, 269, 281, 293, 307, 311, 317, 337, 347, 353, 359, 379, 389, 401, 409 ()

=== Cousin primes ===

(''p'', ''p'' + 4) are both prime.

(3, 7), (7, 11), (13, 17), (19, 23), (37, 41), (43, 47), (67, 71), (79, 83), (97, 101), (103, 107), (109, 113), (127, 131), (163, 167), (193, 197), (223, 227), (229, 233), (277, 281) (, )

=== Cuban primes ===

Of the form <math>\tfrac{x^3-y^3}{x-y}</math>, <math>x=y+1</math>:

7, 19, 37, 61, 127, 271, 331, 397, 547, 631, 919, 1657, 1801, 1951, 2269, 2437, 2791, 3169, 3571, 4219, 4447, 5167, 5419, 6211, 7057, 7351, 8269, 9241, 10267, 11719, 12097, 13267, 13669, 16651, 19441, 19927, 22447, 23497, 24571, 25117, 26227, 27361, 33391, 35317 ()

Of the form <math>\tfrac{x^3-y^3}{x-y}</math>, <math>x=y+2</math>:

13, 109, 193, 433, 769, 1201, 1453, 2029, 3469, 3889, 4801, 10093, 12289, 13873, 18253, 20173, 21169, 22189, 28813, 37633, 43201, 47629, 60493, 63949, 65713, 69313, 73009, 76801, 84673, 106033, 108301, 112909, 115249 ()

=== Cullen primes ===

Of the form ''n'' · 2<sup>''n''</sup> + 1.

3, 393050634124102232869567034555427371542904833 ()

=== Dihedral primes ===

Primes that remain prime when read upside down or mirrored in a seven-segment display.

2, 5, 11, 101, 181, 1181, 1811, 18181, 108881, 110881, 118081, 120121, 121021, 121151, 150151, 151051, 151121, 180181, 180811, 181081 (<ref> is missing the dihedral prime 5 as of January 2008.</ref>)

=== Double Mersenne primes ===

Of the form <math>2^{(2^p-1)}-1</math> for prime ''p''.

7, 127, 2147483647, 170141183460469231731687303715884105727 (primes in )

As of January 2008, these are the only known double Mersenne primes (subset of Mersenne primes.)

=== Eisenstein primes without imaginary part ===

irreducible and real numbers (primes of form 3''n'' − 1).

2, 5, 11, 17, 23, 29, 41, 47, 53, 59, 71, 83, 89, 101, 107, 113, 131, 137, 149, 167, 173, 179, 191, 197, 227, 233, 239, 251, 257, 263, 269, 281, 293, 311, 317, 347, 353, 359, 383, 389, 401 ()

=== Emirps ===

Primes which become a different prime when their decimal digits are reversed.

13, 17, 31, 37, 71, 73, 79, 97, 107, 113, 149, 157, 167, 179, 199, 311, 337, 347, 359, 389, 701, 709, 733, 739, 743, 751, 761, 769, 907, 937, 941, 953, 967, 971, 983, 991 ()

=== Euclid primes ===

Of the form ''p''<sub>''n''</sub># + 1.

3, 7, 31, 211, 2311, 200560490131 (<ref name="A018239"> includes 2 = empty product of first 0 primes plus 1, but 2 is excluded in this list.</ref>)

=== Even prime ===

Of the form 2''n''.

2

The only even prime is 2. 2 is therefore sometimes called "the oddest prime". [http://mathworld.wolfram.com/OddPrime.html]

=== Factorial primes ===

Of the form ''n''! &minus; 1 or ''n''! + 1.

2, 3, 5, 7, 23, 719, 5039, 39916801, 479001599, 87178291199, 10888869450418352160768000001, 265252859812191058636308479999999, 263130836933693530167218012159999999, 8683317618811886495518194401279999999 ()

=== Fermat primes ===

Of the form <math>2^{2^n} + 1</math>.

3, 5, 17, 257, 65537 ()

As of January 2008, these are the only known Fermat primes.

=== Fibonacci primes ===

Primes in the Fibonacci sequence ''F''<sub>0</sub> = 0, ''F''<sub>''1''</sub> = 1, 
''F''<sub>''n''</sub> = ''F''<sub>''n''-1</sub> + ''F''<sub>''n''-2</sub>.

2, 3, 5, 13, 89, 233, 1597, 28657, 514229, 433494437, 2971215073, 99194853094755497, 1066340417491710595814572169, 19134702400093278081449423917 ()

=== Fortunate primes ===
Fortunate numbers that are prime (it has been conjectured they all are).

3, 5, 7, 13, 17, 19, 23, 37, 47, 59, 61, 67, 71, 79, 89, 101, 103, 107, 109, 127, 151, 157, 163, 167, 191, 197, 199, 223, 229, 233, 239, 271, 277, 283, 293, 307, 311, 313, 331, 353, 373, 379, 383, 397 ()

=== Gaussian primes ===

Prime elements of the Gaussian integers (primes of form 4''n'' + 3).

3, 7, 11, 19, 23, 31, 43, 47, 59, 67, 71, 79, 83, 103, 107, 127, 131, 139, 151, 163, 167, 179, 191, 199, 211, 223, 227, 239, 251, 263, 271, 283, 307, 311, 331, 347, 359, 367, 379, 383, 419, 431, 439, 443, 463, 467, 479, 487, 491, 499, 503 ()

=== Genocchi number primes ===

17

The only prime Genocchi number is 17 (and -3 if ''negative primes'' are included).<ref></ref>

=== Happy primes ===

Happy numbers that are prime.

7, 13, 19, 23, 31, 79, 97, 103, 109, 139, 167, 193, 239, 263, 293, 313, 331, 367, 379, 383, 397, 409, 487, 563, 617, 653, 673, 683, 709, 739, 761, 863, 881, 907, 937, 1009, 1033, 1039, 1093 ()

=== Higgs primes for squares ===

Primes ''p'' for which ''p'' &minus; 1 divides the square of the product of all earlier terms.

2, 3, 5, 7, 11, 13, 19, 23, 29, 31, 37, 43, 47, 53, 59, 61, 67, 71, 79, 101, 107, 127, 131, 139, 149, 151, 157, 173, 181, 191, 197, 199, 211, 223, 229, 263, 269, 277, 283, 311, 317, 331, 347, 349 ()

=== Highly cototient number primes ===

Primes that are a cototient more often than any integer below it except 1.

2, 23, 47, 59, 83, 89, 113, 167, 269, 389, 419, 509, 659, 839, 1049, 1259, 1889 ()

=== Irregular primes ===

Odd primes ''p'' which divide the class number of the ''p''-th cyclotomic field.

37, 59, 67, 101, 103, 131, 149, 157, 233, 257, 263, 271, 283, 293, 307, 311, 347, 353, 379, 389, 401, 409, 421, 433, 461, 463, 467, 491, 523, 541, 547, 557, 577, 587, 593, 607, 613, 617, 619 ()

=== Kynea primes ===

Of the form <math>(2^n + 1)^2 - 2</math>.

7, 23, 79, 1087, 66047, 263167, 16785407, 1073807359, 17180131327, 68720001023, 4398050705407, 70368760954879, 18014398777917439, 18446744082299486207 ()

=== Left-truncatable primes ===

Primes that remain prime when the leading decimal digit is successively removed.

2, 3, 5, 7, 13, 17, 23, 37, 43, 47, 53, 67, 73, 83, 97, 113, 137, 167, 173, 197, 223, 283, 313, 317, 337, 347, 353, 367, 373, 383, 397, 443, 467, 523, 547, 613, 617, 643, 647, 653, 673, 683 ()

=== Leyland primes ===

Of the form ''x''<sup>''y''</sup> + ''y''<sup>''x''</sup> with 1 < ''x'' ≤ ''y''.

17, 593, 32993, 2097593, 8589935681, 59604644783353249, 523347633027360537213687137, 43143988327398957279342419750374600193 ()

=== Long primes ===

Primes ''p'' for which, in a given base ''b'', <math>\frac{b^{p-1}-1}{p}</math> gives a cyclic number. Primes ''p'' for base 10:

7, 17, 19, 23, 29, 47, 59, 61, 97, 109, 113, 131, 149, 167, 179, 181, 193, 223, 229, 233, 257, 263, 269, 313, 337, 367, 379, 383, 389, 419, 433, 461, 487, 491, 499, 503, 509, 541, 571, 577, 593 ()

=== Lucas primes ===

Primes in the Lucas number sequence ''L''<sub>0</sub> = 2, ''L''<sub>''1''</sub> = 1, 
''L''<sub>''n''</sub> = ''L''<sub>''n''-1</sub> + ''L''<sub>''n''-2</sub>.

2<ref>It varies whether ''L''<sub>''0''</sub> = 2 is included in the Lucas numbers.</ref>, 3, 7, 11, 29, 47, 199, 521, 2207, 3571, 9349, 3010349, 54018521, 370248451, 6643838879, 119218851371, 5600748293801, 688846502588399, 32361122672259149 ()

=== Lucky primes ===

Lucky numbers that are prime.

3, 7, 13, 31, 37, 43, 67, 73, 79, 127, 151, 163, 193, 211, 223, 241, 283, 307, 331, 349, 367, 409, 421, 433, 463, 487, 541, 577, 601, 613, 619, 631, 643, 673, 727, 739, 769, 787, 823, 883, 937, 991, 997 ()

=== Markov primes ===
Primes ''p'' for which there exist integers ''x'' and ''y'' such that <math>x^2 + y^2 + p^2 = 3xyp</math>.

2, 5, 13, 29, 89, 233, 433, 1597, 2897, 5741, 7561, 28657, 33461, 43261, 96557, 426389, 514229 (primes in )

=== Mersenne primes ===

Of the form 2<sup>''n''</sup> &minus; 1. The first 12:

3, 7, 31, 127, 8191, 131071, 524287, 2147483647, 2305843009213693951, 618970019642690137449562111, 162259276829213363391578010288127, 170141183460469231731687303715884105727 ()

As of January 2008, there are 44 known Mersenne primes. The 13th, 14th, and 44th, respectively, have 157, 183, and 9,808,358  digits.

=== Mills primes ===

Of the form <math>\lfloor \theta^{3^{n}}\;\rfloor</math>, where θ is Mills' constant. This form is prime for all positive integers ''n''.

2, 11, 1361, 2521008887, 16022236204009818131831320183 ()

=== Minimal primes ===
Primes for which there is no shorter sub-sequence of the decimal digits that form a prime. There are exactly 26 minimal primes:

2, 3, 5, 7, 11, 19, 41, 61, 89, 409, 449, 499, 881, 991, 6469, 6949, 9001, 9049, 9649, 9949, 60649, 666649, 946669, 60000049, 66000049, 66600049 ()

=== Motzkin primes ===

Primes that are the number of different ways of drawing non-intersecting chords on a circle between ''n'' points.

2, 127, 15511, 953467954114363 ()

=== Newman-Shanks-Williams primes ===

Newman-Shanks-Williams numbers that are prime.

7, 41, 239, 9369319, 63018038201, 489133282872437279, 19175002942688032928599 ()

=== Odd primes ===

Of the form 2''n'' + 1.

3, 5, 7, 11, 13, 17, 19, 23, 29, 31, 37, 41, 43, 47, 53, 59, 61, 67, 71, 73, 79, 83, 89, 97, 101, 103, 107, 109, 113, 127, 131, 137, 139, 149, 151, 157, 163, 167, 173, 179, 181, 191, 193, 197, 199 ()